    unsorted:	 171.3472991 171.3472991 171.3472991 171.3472991 171.3472991 171.3472991 171.3472991 171.3472991 171.3472991 171.3472991 171.3472991 171.3472991 171.3472991 171.3472991 171.3472991 2299.337192 2300.772873 2376.729810 2198.649524 2018.932227 1695.159473 1690.098551 1794.763647 1597.836698 1506.469767 1473.434508 2527.878337 2630.698522 2690.512188 2725.342760 2860.968063 1367.054724 2896.327254 2947.504436 1215.040094 1122.668839 958.6123253 908.7404529 3120.581307 172.8031439 177.6810235 154.6537520 220.3035409 296.2632062 392.8766416 453.7432460 597.0682403 0.3667179151 31.28844466 3328.551682 3521.294797 3641.158785 4285.923419 4801.383934 12352.29144 13252.52937 37936.54861 9432725.658
      sorted:	 0.3667179151 31.28844466 154.6537520 171.3472991 171.3472991 171.3472991 171.3472991 171.3472991 171.3472991 171.3472991 171.3472991 171.3472991 171.3472991 171.3472991 171.3472991 171.3472991 171.3472991 171.3472991 172.8031439 177.6810235 220.3035409 296.2632062 392.8766416 453.7432460 597.0682403 908.7404529 958.6123253 1122.668839 1215.040094 1367.054724 1473.434508 1506.469767 1597.836698 1690.098551 1695.159473 1794.763647 2018.932227 2198.649524 2299.337192 2300.772873 2376.729810 2527.878337 2630.698522 2690.512188 2725.342760 2860.968063 2896.327254 2947.504436 3120.581307 3328.551682 3521.294797 3641.158785 4285.923419 4801.383934 12352.29144 13252.52937 37936.54861 9432725.658
