    unsorted:	 28.88045530 17.94863425 53.98535398 92.89525512 90.23023840 241.0490566 319.2926065 366.5754312 685.1157921 1369.954529 1698.607804 2033.742262 2379.641114 3524.845712 3495.860933 5170.083386 7865.961380 9575.585631 17591.24365 23285.20703 25613.08005 28744.71294 28034.14529 37791.95183 36578.94927 35479.55938 39818.76348 40982.85134 44841.57591 43559.99743 46150.63775 48127.46477 48456.23627 48832.54711 49738.09202 50807.09130 57281.28109 61476.40834 74295.43335 76526.58842 91374.89868 105346.8276 395924.5282 12399554.94
      sorted:	 17.94863425 28.88045530 53.98535398 90.23023840 92.89525512 241.0490566 319.2926065 366.5754312 685.1157921 1369.954529 1698.607804 2033.742262 2379.641114 3495.860933 3524.845712 5170.083386 7865.961380 9575.585631 17591.24365 23285.20703 25613.08005 28034.14529 28744.71294 35479.55938 36578.94927 37791.95183 39818.76348 40982.85134 43559.99743 44841.57591 46150.63775 48127.46477 48456.23627 48832.54711 49738.09202 50807.09130 57281.28109 61476.40834 74295.43335 76526.58842 91374.89868 105346.8276 395924.5282 12399554.94
