    unsorted:	 0.4831105417 0.7788601401 25.09878771 27.22981140 53.85686829 127.1666239 114.5247813 210.2670856 668.3278265 702.0770425 1583.856183 1668.010186 1496.431102 2247.467564 3945.354021 6360.153638 6818.599242 9700.693594 9272.742877 8933.894453 11582.99278 11727.63211 12753.32006 13350.67152 14975.46894 14399.71827 15397.26741 16109.28888 16773.51319 17345.99291 17870.19506 18608.52196 18893.14155 19204.52032 19599.75142 20607.55898 21238.83990 21719.86078 22314.38647 25071.82678 25975.07792 28487.90351 33284.82337 37298.37317 80445.97582 94136.02375 335955.5685 28902457.60
      sorted:	 0.4831105417 0.7788601401 25.09878771 27.22981140 53.85686829 114.5247813 127.1666239 210.2670856 668.3278265 702.0770425 1496.431102 1583.856183 1668.010186 2247.467564 3945.354021 6360.153638 6818.599242 8933.894453 9272.742877 9700.693594 11582.99278 11727.63211 12753.32006 13350.67152 14399.71827 14975.46894 15397.26741 16109.28888 16773.51319 17345.99291 17870.19506 18608.52196 18893.14155 19204.52032 19599.75142 20607.55898 21238.83990 21719.86078 22314.38647 25071.82678 25975.07792 28487.90351 33284.82337 37298.37317 80445.97582 94136.02375 335955.5685 28902457.60
