    unsorted:	 171.3472991 171.3472991 171.3472991 171.3472991 171.3472991 171.3472991 171.3472991 171.3472991 171.3472991 171.3472991 171.3472991 171.3472991 171.3472991 171.3472991 171.3472991 172.5880738 177.8094534 147.8985976 221.9659534 0.3429120563 8.961209761 58.08744934 306.6912245 385.5293156 448.7154870 605.2810515 958.8844042 906.6915802 1105.238547 1204.766156 1496.780026 1447.492943 1329.427453 1687.345059 1703.065991 1595.105050 1789.330959 1991.882366 2275.062034 2264.308456 2193.713128 2358.547697 2518.061522 2688.489656 2666.622757 2600.393735 2789.979275 2868.203164 2945.023168 3098.680100 3171.750030 3293.369605 3503.962505 4210.251082 4560.849781 12186.22964 13148.02316 37758.17813 8606079.901
      sorted:	 0.3429120563 8.961209761 58.08744934 147.8985976 171.3472991 171.3472991 171.3472991 171.3472991 171.3472991 171.3472991 171.3472991 171.3472991 171.3472991 171.3472991 171.3472991 171.3472991 171.3472991 171.3472991 171.3472991 172.5880738 177.8094534 221.9659534 306.6912245 385.5293156 448.7154870 605.2810515 906.6915802 958.8844042 1105.238547 1204.766156 1329.427453 1447.492943 1496.780026 1595.105050 1687.345059 1703.065991 1789.330959 1991.882366 2193.713128 2264.308456 2275.062034 2358.547697 2518.061522 2600.393735 2666.622757 2688.489656 2789.979275 2868.203164 2945.023168 3098.680100 3171.750030 3293.369605 3503.962505 4210.251082 4560.849781 12186.22964 13148.02316 37758.17813 8606079.901
