    unsorted:	 171.3472991 171.3472991 171.3472991 171.3472991 171.3472991 171.3472991 171.3472991 171.3472991 171.3472991 171.3472991 171.3472991 171.3472991 171.3472991 171.3472991 171.3472991 172.2936838 175.9885194 209.3872970 149.4566902 0.2798343524 20.48000794 320.8658391 405.5099287 422.9269287 612.7232887 879.2452772 965.2472529 1140.767844 1234.914877 1380.144985 1418.341055 1599.964797 1590.615454 1706.632739 1917.400504 2017.212167 2077.567157 2136.227137 2215.576045 2230.827483 2356.474944 2418.705852 2456.666726 2799.829817 2846.181415 2987.847740 3287.960188 3899.528051 4458.351965 5382.048870 10596.33916 14486.83540 34604.67866 51139.59197 5632605.913
      sorted:	 0.2798343524 20.48000794 149.4566902 171.3472991 171.3472991 171.3472991 171.3472991 171.3472991 171.3472991 171.3472991 171.3472991 171.3472991 171.3472991 171.3472991 171.3472991 171.3472991 171.3472991 171.3472991 172.2936838 175.9885194 209.3872970 320.8658391 405.5099287 422.9269287 612.7232887 879.2452772 965.2472529 1140.767844 1234.914877 1380.144985 1418.341055 1590.615454 1599.964797 1706.632739 1917.400504 2017.212167 2077.567157 2136.227137 2215.576045 2230.827483 2356.474944 2418.705852 2456.666726 2799.829817 2846.181415 2987.847740 3287.960188 3899.528051 4458.351965 5382.048870 10596.33916 14486.83540 34604.67866 51139.59197 5632605.913
