    unsorted:	 685.3891950 685.3891950 685.3891950 685.3891950 685.3891950 685.3891950 685.3891950 685.3891950 685.3891950 685.3891950 685.3891950 685.3891950 685.3891950 685.3891950 685.3891950 9.874539846 9.874539846 12.22978052 808.1768081 808.1765957 0.005085240131 0.02525964071 13.45762189 8.937374488 7.855965192 17.04005474 17.74937775 82.11295989 947.4980659 946.1028604 870.5074543 878.8901690 815.6022383 781.3292497 729.5015469 1026.053094 322.3618341 1272.233525 1381.520427 1578.475424 1598.573477 1981.342917 1974.759471 1964.369188 2066.695655 1801.604439 2227.715393 2192.607054 2294.140776 2533.016120 2561.864204 2628.433294 2787.039360 2802.791147 2840.234167 2873.875539 2991.837852 3099.685344 3171.882027 3304.829776 3362.386676 12815.93791 34115.94147 156436.3457
      sorted:	 0.005085240131 0.02525964071 7.855965192 8.937374488 9.874539846 9.874539846 12.22978052 13.45762189 17.04005474 17.74937775 82.11295989 322.3618341 685.3891950 685.3891950 685.3891950 685.3891950 685.3891950 685.3891950 685.3891950 685.3891950 685.3891950 685.3891950 685.3891950 685.3891950 685.3891950 685.3891950 685.3891950 729.5015469 781.3292497 808.1765957 808.1768081 815.6022383 870.5074543 878.8901690 946.1028604 947.4980659 1026.053094 1272.233525 1381.520427 1578.475424 1598.573477 1801.604439 1964.369188 1974.759471 1981.342917 2066.695655 2192.607054 2227.715393 2294.140776 2533.016120 2561.864204 2628.433294 2787.039360 2802.791147 2840.234167 2873.875539 2991.837852 3099.685344 3171.882027 3304.829776 3362.386676 12815.93791 34115.94147 156436.3457
