    unsorted:	 0.3333348275 17.52326972 55.49424646 95.61802042 89.90501518 247.1397789 331.5078713 353.5942463 460.5336101 717.9923381 1389.736896 1661.642852 2444.061831 3736.456843 3635.869191 6261.292968 8775.509964 10360.73069 17565.21862 20791.38179 23727.23296 25671.94806 36525.50768 30477.51020 36773.65144 38110.77491 39054.23785 40693.44259 42062.88244 44692.11131 47719.08218 48698.06739 49380.73553 49882.74290 51109.50285 51697.28428 56298.70188 64826.77424 68566.68883 78078.58260 83010.92312 96032.93926 118853.5332 382300.0940 14163818.40
      sorted:	 0.3333348275 17.52326972 55.49424646 89.90501518 95.61802042 247.1397789 331.5078713 353.5942463 460.5336101 717.9923381 1389.736896 1661.642852 2444.061831 3635.869191 3736.456843 6261.292968 8775.509964 10360.73069 17565.21862 20791.38179 23727.23296 25671.94806 30477.51020 36525.50768 36773.65144 38110.77491 39054.23785 40693.44259 42062.88244 44692.11131 47719.08218 48698.06739 49380.73553 49882.74290 51109.50285 51697.28428 56298.70188 64826.77424 68566.68883 78078.58260 83010.92312 96032.93926 118853.5332 382300.0940 14163818.40
