    unsorted:	 0.1105635081 3.170230669 20.76340455 29.69863691 71.80184705 137.3480454 120.3959358 268.8878382 649.5390299 701.9863408 1583.628748 1396.374248 1742.361822 2226.202947 3744.594031 5964.667130 6508.819836 8281.809331 8737.700681 9308.734494 11354.29513 10870.82346 11864.46836 12507.78083 13173.61379 14432.53773 14752.80389 15378.04720 15573.79056 16056.14490 16320.34581 17135.75031 18039.25779 18452.33887 18740.03448 19000.86695 19387.90324 19869.82904 20771.83935 21611.42645 25172.08318 25859.89376 30075.13382 34812.52674 53105.05227 84855.18941 336002.8151 6260091.384
      sorted:	 0.1105635081 3.170230669 20.76340455 29.69863691 71.80184705 120.3959358 137.3480454 268.8878382 649.5390299 701.9863408 1396.374248 1583.628748 1742.361822 2226.202947 3744.594031 5964.667130 6508.819836 8281.809331 8737.700681 9308.734494 10870.82346 11354.29513 11864.46836 12507.78083 13173.61379 14432.53773 14752.80389 15378.04720 15573.79056 16056.14490 16320.34581 17135.75031 18039.25779 18452.33887 18740.03448 19000.86695 19387.90324 19869.82904 20771.83935 21611.42645 25172.08318 25859.89376 30075.13382 34812.52674 53105.05227 84855.18941 336002.8151 6260091.384
