    unsorted:	 171.3472991 171.3472991 171.3472991 171.3472991 171.3472991 171.3472991 171.3472991 171.3472991 171.3472991 171.3472991 171.3472991 171.3472991 171.3472991 171.3472991 171.3472991 172.3855126 175.5802434 155.5594588 207.6085986 304.2286239 347.4149535 0.4000840061 431.8481290 605.2273603 1608.934160 1611.396122 1504.566456 1413.275819 1378.290763 1739.134324 1165.877772 945.9792207 869.2905929 1960.437111 2111.589977 2207.407124 2245.292642 2311.285920 2339.375496 2389.578996 2549.677755 2588.919238 2758.766644 2908.827668 3051.624372 3321.351275 3816.473268 4644.951331 5198.168260 11953.46930 15521.38580 36043.11696 51136.88848 12530273.50
      sorted:	 0.4000840061 155.5594588 171.3472991 171.3472991 171.3472991 171.3472991 171.3472991 171.3472991 171.3472991 171.3472991 171.3472991 171.3472991 171.3472991 171.3472991 171.3472991 171.3472991 171.3472991 172.3855126 175.5802434 207.6085986 304.2286239 347.4149535 431.8481290 605.2273603 869.2905929 945.9792207 1165.877772 1378.290763 1413.275819 1504.566456 1608.934160 1611.396122 1739.134324 1960.437111 2111.589977 2207.407124 2245.292642 2311.285920 2339.375496 2389.578996 2549.677755 2588.919238 2758.766644 2908.827668 3051.624372 3321.351275 3816.473268 4644.951331 5198.168260 11953.46930 15521.38580 36043.11696 51136.88848 12530273.50
