    unsorted:	 0.5681969991 17.41481241 55.17009293 96.03349488 90.18236455 263.7796867 348.6135755 415.6276055 774.4200167 1473.955319 1656.506964 1896.003502 2541.981043 3723.554796 4075.366904 4829.634345 7479.705344 9705.866695 14613.33578 17600.23245 23742.24498 25550.73417 26003.49125 30524.19117 33874.96422 36769.99823 39092.70743 38425.34169 40165.12048 40981.96240 49320.54403 44110.20907 45330.61488 48442.25504 49942.12960 50228.13845 51793.81269 52212.31300 56942.25152 70633.69329 68210.91066 84419.46585 84855.80150 96767.44296 124073.9767 357655.2710 15865874.81
      sorted:	 0.5681969991 17.41481241 55.17009293 90.18236455 96.03349488 263.7796867 348.6135755 415.6276055 774.4200167 1473.955319 1656.506964 1896.003502 2541.981043 3723.554796 4075.366904 4829.634345 7479.705344 9705.866695 14613.33578 17600.23245 23742.24498 25550.73417 26003.49125 30524.19117 33874.96422 36769.99823 38425.34169 39092.70743 40165.12048 40981.96240 44110.20907 45330.61488 48442.25504 49320.54403 49942.12960 50228.13845 51793.81269 52212.31300 56942.25152 68210.91066 70633.69329 84419.46585 84855.80150 96767.44296 124073.9767 357655.2710 15865874.81
