    unsorted:	 0.5533902519 13.76062409 56.50239570 59.53966366 103.1624126 140.4647216 200.8142599 360.7900561 431.0424870 860.4318618 1141.062028 1578.253167 1746.284980 2075.000219 2336.625408 3723.650868 4559.558330 7154.809274 10776.49153 10263.05481 12260.29157 14195.62847 14503.88304 17164.63489 19334.66041 21088.54738 21845.86145 23263.51446 23431.51728 24035.82477 26735.15273 26782.03303 25727.46633 27746.33721 28116.38045 28381.41967 30039.53028 32089.96979 34316.12381 36343.17097 38661.48184 46632.79500 45358.66197 57222.71259 64741.98481 74832.10005 96818.24404 336126.8699 19227228.68
      sorted:	 0.5533902519 13.76062409 56.50239570 59.53966366 103.1624126 140.4647216 200.8142599 360.7900561 431.0424870 860.4318618 1141.062028 1578.253167 1746.284980 2075.000219 2336.625408 3723.650868 4559.558330 7154.809274 10263.05481 10776.49153 12260.29157 14195.62847 14503.88304 17164.63489 19334.66041 21088.54738 21845.86145 23263.51446 23431.51728 24035.82477 25727.46633 26735.15273 26782.03303 27746.33721 28116.38045 28381.41967 30039.53028 32089.96979 34316.12381 36343.17097 38661.48184 45358.66197 46632.79500 57222.71259 64741.98481 74832.10005 96818.24404 336126.8699 19227228.68
