    unsorted:	 171.3472991 171.3472991 171.3472991 171.3472991 171.3472991 171.3472991 171.3472991 171.3472991 171.3472991 171.3472991 171.3472991 171.3472991 171.3472991 171.3472991 171.3472991 172.5050284 177.0992918 145.1878371 132.7065136 88.56222795 209.3625531 0.5350564640 13.13283218 33.28937803 57.66378897 253.8945019 357.0105786 452.7979540 763.0737184 1093.397860 1179.461356 1412.479314 1532.800789 1665.145725 1714.576744 1962.375015 2080.225778 2218.322087 2448.645030 2513.563115 2641.334182 2755.084398 2812.849017 2852.956851 3122.989985 3190.825135 3674.636468 3917.741657 4097.510043 4372.776784 5021.823935 5224.863781 6869.141717 7658.153535 11361.18556 15342.80295 75078.91672 13694452.08
      sorted:	 0.5350564640 13.13283218 33.28937803 57.66378897 88.56222795 132.7065136 145.1878371 171.3472991 171.3472991 171.3472991 171.3472991 171.3472991 171.3472991 171.3472991 171.3472991 171.3472991 171.3472991 171.3472991 171.3472991 171.3472991 171.3472991 171.3472991 172.5050284 177.0992918 209.3625531 253.8945019 357.0105786 452.7979540 763.0737184 1093.397860 1179.461356 1412.479314 1532.800789 1665.145725 1714.576744 1962.375015 2080.225778 2218.322087 2448.645030 2513.563115 2641.334182 2755.084398 2812.849017 2852.956851 3122.989985 3190.825135 3674.636468 3917.741657 4097.510043 4372.776784 5021.823935 5224.863781 6869.141717 7658.153535 11361.18556 15342.80295 75078.91672 13694452.08
