    unsorted:	 171.3472991 171.3472991 171.3472991 171.3472991 171.3472991 171.3472991 171.3472991 171.3472991 171.3472991 171.3472991 171.3472991 171.3472991 171.3472991 171.3472991 171.3472991 172.4743280 175.1136445 204.6696628 1607.515624 1604.141617 1729.658137 1474.545309 1399.348284 2078.939145 2181.482131 2216.224293 1946.872961 2292.785051 2314.116062 2350.901003 2517.435570 2565.687587 1174.910670 1012.151364 882.5762406 650.0636669 593.5384172 315.1807413 365.0557564 2720.856921 2906.090099 3056.122035 0.4493654352 3327.368646 3887.834156 4887.279434 5376.814045 11956.91337 16840.68383 36176.79935 51141.62037 14217847.75
      sorted:	 0.4493654352 171.3472991 171.3472991 171.3472991 171.3472991 171.3472991 171.3472991 171.3472991 171.3472991 171.3472991 171.3472991 171.3472991 171.3472991 171.3472991 171.3472991 171.3472991 172.4743280 175.1136445 204.6696628 315.1807413 365.0557564 593.5384172 650.0636669 882.5762406 1012.151364 1174.910670 1399.348284 1474.545309 1604.141617 1607.515624 1729.658137 1946.872961 2078.939145 2181.482131 2216.224293 2292.785051 2314.116062 2350.901003 2517.435570 2565.687587 2720.856921 2906.090099 3056.122035 3327.368646 3887.834156 4887.279434 5376.814045 11956.91337 16840.68383 36176.79935 51141.62037 14217847.75
