    unsorted:	 0.3401028461 17.45460238 55.02143923 94.29257967 90.37797051 258.3144449 347.0393633 391.5709889 760.6606657 972.7722455 1561.285777 1757.346898 2556.732881 3907.517947 3738.063347 5143.219416 8377.522639 10436.07430 17577.44487 20696.76009 23758.60749 25683.82868 30552.62439 29008.31967 39007.68183 39315.28041 37668.04749 36615.98758 40810.11564 43436.25328 44891.31646 48320.55941 49148.89712 49722.34445 49939.53431 51460.65639 51918.64402 56681.58358 66912.45628 69689.23415 80826.93002 83869.65641 96410.72004 118457.0549 369559.1128 14180439.06
      sorted:	 0.3401028461 17.45460238 55.02143923 90.37797051 94.29257967 258.3144449 347.0393633 391.5709889 760.6606657 972.7722455 1561.285777 1757.346898 2556.732881 3738.063347 3907.517947 5143.219416 8377.522639 10436.07430 17577.44487 20696.76009 23758.60749 25683.82868 29008.31967 30552.62439 36615.98758 37668.04749 39007.68183 39315.28041 40810.11564 43436.25328 44891.31646 48320.55941 49148.89712 49722.34445 49939.53431 51460.65639 51918.64402 56681.58358 66912.45628 69689.23415 80826.93002 83869.65641 96410.72004 118457.0549 369559.1128 14180439.06
