    unsorted:	 171.3472991 171.3472991 171.3472991 171.3472991 171.3472991 171.3472991 171.3472991 171.3472991 171.3472991 171.3472991 171.3472991 171.3472991 171.3472991 171.3472991 171.3472991 172.5963290 177.7896629 146.2044915 225.0654306 0.5522061094 79.14932377 25.97591876 348.8842280 381.8657858 430.2705585 667.5299421 910.8948868 1079.171336 1136.771415 1215.851975 1273.852913 1459.492695 1544.756845 1654.690140 1796.133477 1812.023953 1888.741082 1944.228110 2096.604981 2189.240374 2257.289309 2386.028966 2524.742639 2628.457643 2801.024745 2825.877378 2859.364580 3012.564859 3103.247463 3208.539161 3343.808248 3550.043482 3949.159511 4414.647804 4711.531020 5236.758636 12798.59056 36919.88208 13402348.68
      sorted:	 0.5522061094 25.97591876 79.14932377 146.2044915 171.3472991 171.3472991 171.3472991 171.3472991 171.3472991 171.3472991 171.3472991 171.3472991 171.3472991 171.3472991 171.3472991 171.3472991 171.3472991 171.3472991 171.3472991 172.5963290 177.7896629 225.0654306 348.8842280 381.8657858 430.2705585 667.5299421 910.8948868 1079.171336 1136.771415 1215.851975 1273.852913 1459.492695 1544.756845 1654.690140 1796.133477 1812.023953 1888.741082 1944.228110 2096.604981 2189.240374 2257.289309 2386.028966 2524.742639 2628.457643 2801.024745 2825.877378 2859.364580 3012.564859 3103.247463 3208.539161 3343.808248 3550.043482 3949.159511 4414.647804 4711.531020 5236.758636 12798.59056 36919.88208 13402348.68
