    unsorted:	 685.3891950 685.3891950 685.3891950 685.3891950 685.3891950 685.3891950 685.3891950 685.3891950 685.3891950 685.3891950 685.3891950 685.3891950 685.3891950 685.3891950 685.3891950 9.874625573 808.1763822 0.004994659679 0.1118233644 10.35410214 11.06161021 6.336730971 15.13103129 20.18673080 34.73744585 84.31963707 799.9581256 816.8031917 726.2263310 701.6725868 897.9284926 949.3566583 1012.531804 1030.954974 543.6340127 1122.078844 1298.194435 1404.983286 1641.269293 1619.118744 1684.982999 1748.269229 1832.507099 1878.399968 2037.928533 1956.989959 2136.803216 2236.049225 2327.383351 2490.823251 2673.179528 2741.940063 2841.813696 2876.726171 2965.678461 3063.237637 3203.545665 3477.464886 3862.395299 4377.900839 7686.314656 13978.85394 30900.36627 54711.36562
      sorted:	 0.004994659679 0.1118233644 6.336730971 9.874625573 10.35410214 11.06161021 15.13103129 20.18673080 34.73744585 84.31963707 543.6340127 685.3891950 685.3891950 685.3891950 685.3891950 685.3891950 685.3891950 685.3891950 685.3891950 685.3891950 685.3891950 685.3891950 685.3891950 685.3891950 685.3891950 685.3891950 701.6725868 726.2263310 799.9581256 808.1763822 816.8031917 897.9284926 949.3566583 1012.531804 1030.954974 1122.078844 1298.194435 1404.983286 1619.118744 1641.269293 1684.982999 1748.269229 1832.507099 1878.399968 1956.989959 2037.928533 2136.803216 2236.049225 2327.383351 2490.823251 2673.179528 2741.940063 2841.813696 2876.726171 2965.678461 3063.237637 3203.545665 3477.464886 3862.395299 4377.900839 7686.314656 13978.85394 30900.36627 54711.36562
