    unsorted:	 685.3891950 685.3891950 685.3891950 685.3891950 685.3891950 685.3891950 685.3891950 685.3891950 685.3891950 685.3891950 685.3891950 685.3891950 685.3891950 685.3891950 685.3891950 9.874625573 9.900479546 9.829888583 7.616604232 7.849253695 6.863249083 0.005003431256 0.1092884457 15.04580492 17.42525044 19.70754382 808.1763976 84.49987798 796.6257224 725.8061237 815.5170923 894.2015534 949.6064239 996.2360429 648.2481470 1030.145098 421.7120025 1178.513900 1293.627680 1787.903964 1790.367218 1743.811359 1700.354761 1610.157945 1454.703537 1891.239325 1926.947684 1996.551231 2187.413718 2261.605581 2308.382790 2519.561620 2691.043058 2735.748341 2850.838520 2858.823025 2983.408398 3069.281327 3210.668744 3463.850006 3816.609668 4245.454962 7333.559048 13851.80513 31529.96820 57070.56535
      sorted:	 0.005003431256 0.1092884457 6.863249083 7.616604232 7.849253695 9.829888583 9.874625573 9.900479546 15.04580492 17.42525044 19.70754382 84.49987798 421.7120025 648.2481470 685.3891950 685.3891950 685.3891950 685.3891950 685.3891950 685.3891950 685.3891950 685.3891950 685.3891950 685.3891950 685.3891950 685.3891950 685.3891950 685.3891950 685.3891950 725.8061237 796.6257224 808.1763976 815.5170923 894.2015534 949.6064239 996.2360429 1030.145098 1178.513900 1293.627680 1454.703537 1610.157945 1700.354761 1743.811359 1787.903964 1790.367218 1891.239325 1926.947684 1996.551231 2187.413718 2261.605581 2308.382790 2519.561620 2691.043058 2735.748341 2850.838520 2858.823025 2983.408398 3069.281327 3210.668744 3463.850006 3816.609668 4245.454962 7333.559048 13851.80513 31529.96820 57070.56535
