    unsorted:	 171.3472991 171.3472991 171.3472991 171.3472991 171.3472991 171.3472991 171.3472991 171.3472991 171.3472991 171.3472991 171.3472991 171.3472991 171.3472991 171.3472991 171.3472991 2217.250268 2184.275390 2236.519957 2366.124563 2449.195227 2590.499667 2624.879304 2661.045868 1988.212398 1682.381378 1676.501682 1778.509668 1566.571939 1488.750076 1435.812109 2781.528015 1224.562721 1170.017381 2897.465819 2942.616758 952.9425064 904.2054622 3123.719317 643.0134992 586.9613378 173.0280739 177.3818382 217.8119625 423.3682859 301.6383599 40.83285263 3334.215791 0.4362968761 3566.642146 3702.404185 4535.849640 5076.994581 12580.78069 15126.60368 37896.92008 11376666.41
      sorted:	 0.4362968761 40.83285263 171.3472991 171.3472991 171.3472991 171.3472991 171.3472991 171.3472991 171.3472991 171.3472991 171.3472991 171.3472991 171.3472991 171.3472991 171.3472991 171.3472991 171.3472991 173.0280739 177.3818382 217.8119625 301.6383599 423.3682859 586.9613378 643.0134992 904.2054622 952.9425064 1170.017381 1224.562721 1435.812109 1488.750076 1566.571939 1676.501682 1682.381378 1778.509668 1988.212398 2184.275390 2217.250268 2236.519957 2366.124563 2449.195227 2590.499667 2624.879304 2661.045868 2781.528015 2897.465819 2942.616758 3123.719317 3334.215791 3566.642146 3702.404185 4535.849640 5076.994581 12580.78069 15126.60368 37896.92008 11376666.41
