    unsorted:	 685.3891950 685.3891950 685.3891950 685.3891950 685.3891950 685.3891950 685.3891950 685.3891950 685.3891950 685.3891950 685.3891950 685.3891950 685.3891950 685.3891950 685.3891950 9.874539846 808.1767184 0.004994669041 0.1118216490 10.35408617 11.06151863 6.336729903 15.13103319 20.18672073 34.73747952 84.27357422 799.9581248 816.8034886 726.2265942 701.6697833 897.9284950 949.3566454 1012.532227 1030.954969 543.6979553 1122.078852 1298.194403 1404.983286 1641.269250 1619.118679 1684.983014 1748.268526 1832.504079 1878.398037 2032.966542 1956.988856 2136.803219 2236.049152 2327.383347 2490.823023 2673.179488 2741.940017 2841.813733 2876.726022 2965.678436 3063.237568 3203.545678 3477.464878 3862.395159 4377.900529 7686.313773 13978.85349 30900.35869 54711.35516
      sorted:	 0.004994669041 0.1118216490 6.336729903 9.874539846 10.35408617 11.06151863 15.13103319 20.18672073 34.73747952 84.27357422 543.6979553 685.3891950 685.3891950 685.3891950 685.3891950 685.3891950 685.3891950 685.3891950 685.3891950 685.3891950 685.3891950 685.3891950 685.3891950 685.3891950 685.3891950 685.3891950 701.6697833 726.2265942 799.9581248 808.1767184 816.8034886 897.9284950 949.3566454 1012.532227 1030.954969 1122.078852 1298.194403 1404.983286 1619.118679 1641.269250 1684.983014 1748.268526 1832.504079 1878.398037 1956.988856 2032.966542 2136.803219 2236.049152 2327.383347 2490.823023 2673.179488 2741.940017 2841.813733 2876.726022 2965.678436 3063.237568 3203.545678 3477.464878 3862.395159 4377.900529 7686.313773 13978.85349 30900.35869 54711.35516
