    unsorted:	 171.3472991 171.3472991 171.3472991 171.3472991 171.3472991 171.3472991 171.3472991 171.3472991 171.3472991 171.3472991 171.3472991 171.3472991 171.3472991 171.3472991 171.3472991 172.2936838 175.9885195 209.3872975 149.4566895 0.2798296474 20.47999903 320.8658415 405.5099313 422.9269363 612.7232898 879.2452715 965.2472548 1140.767906 1234.914895 1380.145039 1418.341055 1599.964809 1590.615531 1706.632730 1917.400676 2017.212345 2077.567177 2136.227146 2215.576043 2230.827545 2356.476086 2418.706254 2456.666817 2799.830064 2846.186500 2987.847873 3287.960240 3899.528132 4458.351990 5382.048911 10596.33943 14486.83551 34604.67935 51139.59197 5632605.973
      sorted:	 0.2798296474 20.47999903 149.4566895 171.3472991 171.3472991 171.3472991 171.3472991 171.3472991 171.3472991 171.3472991 171.3472991 171.3472991 171.3472991 171.3472991 171.3472991 171.3472991 171.3472991 171.3472991 172.2936838 175.9885195 209.3872975 320.8658415 405.5099313 422.9269363 612.7232898 879.2452715 965.2472548 1140.767906 1234.914895 1380.145039 1418.341055 1590.615531 1599.964809 1706.632730 1917.400676 2017.212345 2077.567177 2136.227146 2215.576043 2230.827545 2356.476086 2418.706254 2456.666817 2799.830064 2846.186500 2987.847873 3287.960240 3899.528132 4458.351990 5382.048911 10596.33943 14486.83551 34604.67935 51139.59197 5632605.973
