    unsorted:	 0.1214094366 3.396291355 11.00134103 27.33156973 71.61340622 46.17130287 110.7366514 156.8233007 263.9610981 309.2181958 1577.954907 1190.759126 1731.005329 1948.710147 2220.796138 3476.358728 4157.659675 6222.581642 6525.021403 9289.006247 8403.858720 10173.61392 11361.55952 11208.39995 12464.65622 13212.16335 14390.37940 14683.57680 15349.48903 15828.00627 16283.37475 16510.73923 17100.36982 17996.39908 18480.50242 18791.87786 18994.35491 19547.34300 20718.13078 21501.13591 25835.90684 25180.06625 30052.59268 34815.96571 52241.16022 84218.33148 336004.7879 6015048.605
      sorted:	 0.1214094366 3.396291355 11.00134103 27.33156973 46.17130287 71.61340622 110.7366514 156.8233007 263.9610981 309.2181958 1190.759126 1577.954907 1731.005329 1948.710147 2220.796138 3476.358728 4157.659675 6222.581642 6525.021403 8403.858720 9289.006247 10173.61392 11208.39995 11361.55952 12464.65622 13212.16335 14390.37940 14683.57680 15349.48903 15828.00627 16283.37475 16510.73923 17100.36982 17996.39908 18480.50242 18791.87786 18994.35491 19547.34300 20718.13078 21501.13591 25180.06625 25835.90684 30052.59268 34815.96571 52241.16022 84218.33148 336004.7879 6015048.605
