    unsorted:	 171.3472991 171.3472991 171.3472991 171.3472991 171.3472991 171.3472991 171.3472991 171.3472991 171.3472991 171.3472991 171.3472991 171.3472991 171.3472991 171.3472991 171.3472991 172.6917006 178.2793743 103.7496566 147.4840013 227.7598032 71.56433358 0.5525652377 16.75265990 353.8794033 410.4768653 607.6065572 691.9607772 893.4685479 1177.725388 1163.978966 1088.877029 1271.631748 1402.501227 1517.523253 1811.076687 1821.370701 1723.466145 1892.489735 1946.161368 2076.553880 2208.093644 2242.410385 2481.536487 2544.049329 2792.838160 2834.959569 2858.895481 3008.968552 3100.394953 3123.921908 3313.862462 3606.043900 3946.122249 4415.916740 4900.589847 5340.857119 12225.11853 18563.56186 35447.78230 18479275.08
      sorted:	 0.5525652377 16.75265990 71.56433358 103.7496566 147.4840013 171.3472991 171.3472991 171.3472991 171.3472991 171.3472991 171.3472991 171.3472991 171.3472991 171.3472991 171.3472991 171.3472991 171.3472991 171.3472991 171.3472991 171.3472991 172.6917006 178.2793743 227.7598032 353.8794033 410.4768653 607.6065572 691.9607772 893.4685479 1088.877029 1163.978966 1177.725388 1271.631748 1402.501227 1517.523253 1723.466145 1811.076687 1821.370701 1892.489735 1946.161368 2076.553880 2208.093644 2242.410385 2481.536487 2544.049329 2792.838160 2834.959569 2858.895481 3008.968552 3100.394953 3123.921908 3313.862462 3606.043900 3946.122249 4415.916740 4900.589847 5340.857119 12225.11853 18563.56186 35447.78230 18479275.08
