    unsorted:	 0.4652146504 17.35662496 57.94582879 94.91625736 89.80694446 265.2943638 348.9350814 428.4819511 753.8576652 1617.194011 1803.071608 2273.657454 2510.016356 2885.200733 3788.060252 4421.490018 5772.926305 9385.779102 11166.70305 17513.53199 18079.91595 23832.18777 23357.77297 25770.75308 30495.38500 30837.64006 40756.63070 40574.36713 41490.80930 39152.80784 38948.25359 37098.01020 44557.15294 46055.14735 48564.33389 49448.07267 50004.23559 50983.68566 52017.81263 53065.62985 57271.51111 68728.69167 70556.12497 83658.83416 91221.46191 95711.89354 131262.3067 335998.4129 16049393.57
      sorted:	 0.4652146504 17.35662496 57.94582879 89.80694446 94.91625736 265.2943638 348.9350814 428.4819511 753.8576652 1617.194011 1803.071608 2273.657454 2510.016356 2885.200733 3788.060252 4421.490018 5772.926305 9385.779102 11166.70305 17513.53199 18079.91595 23357.77297 23832.18777 25770.75308 30495.38500 30837.64006 37098.01020 38948.25359 39152.80784 40574.36713 40756.63070 41490.80930 44557.15294 46055.14735 48564.33389 49448.07267 50004.23559 50983.68566 52017.81263 53065.62985 57271.51111 68728.69167 70556.12497 83658.83416 91221.46191 95711.89354 131262.3067 335998.4129 16049393.57
