    unsorted:	 0.4857039027 17.39174724 55.44630769 96.24883112 90.09101168 267.2474720 350.7590805 434.6873265 779.6938617 1501.122534 1643.156522 1770.654312 2596.417706 4308.347646 4080.626147 3748.723329 6963.402081 10014.26121 12132.77522 17587.26223 20042.16300 23755.81201 25687.11399 28288.12955 30527.25921 37434.55706 36737.68465 38649.85243 39127.48191 40504.52218 41168.45507 44356.59016 45716.29956 48498.49220 49376.52612 49961.71037 50574.77052 51878.35908 52590.84199 57010.15080 68792.43337 70928.52408 84944.74834 87441.88534 96649.81158 126983.9294 346497.7304 16450862.67
      sorted:	 0.4857039027 17.39174724 55.44630769 90.09101168 96.24883112 267.2474720 350.7590805 434.6873265 779.6938617 1501.122534 1643.156522 1770.654312 2596.417706 3748.723329 4080.626147 4308.347646 6963.402081 10014.26121 12132.77522 17587.26223 20042.16300 23755.81201 25687.11399 28288.12955 30527.25921 36737.68465 37434.55706 38649.85243 39127.48191 40504.52218 41168.45507 44356.59016 45716.29956 48498.49220 49376.52612 49961.71037 50574.77052 51878.35908 52590.84199 57010.15080 68792.43337 70928.52408 84944.74834 87441.88534 96649.81158 126983.9294 346497.7304 16450862.67
