    unsorted:	 685.3891950 685.3891950 685.3891950 685.3891950 685.3891950 685.3891950 685.3891950 685.3891950 685.3891950 685.3891950 685.3891950 685.3891950 685.3891950 685.3891950 685.3891950 1212.175866 686.1749250 690.3631592 727.7821374 845.2764226 942.8923231 1043.061113 1261.125391 1428.706913 1471.334555 1699.998461 1771.819282 1845.839442 2000.652933 2205.021360 2268.310740 2364.202747 2565.528447 48.95382457 31.97086694 346.6046445 131.2356654 2941.883578 3197.916423 3233.199501 3351.892219 3583.083484 3560.505537 3439.217443 3684.812258 3764.090274 4141.167926 4359.177083 5416.048220 7792.910871 14911.71849 26759.70477 41649.55871 169048.8069
      sorted:	 31.97086694 48.95382457 131.2356654 346.6046445 685.3891950 685.3891950 685.3891950 685.3891950 685.3891950 685.3891950 685.3891950 685.3891950 685.3891950 685.3891950 685.3891950 685.3891950 685.3891950 685.3891950 685.3891950 686.1749250 690.3631592 727.7821374 845.2764226 942.8923231 1043.061113 1212.175866 1261.125391 1428.706913 1471.334555 1699.998461 1771.819282 1845.839442 2000.652933 2205.021360 2268.310740 2364.202747 2565.528447 2941.883578 3197.916423 3233.199501 3351.892219 3439.217443 3560.505537 3583.083484 3684.812258 3764.090274 4141.167926 4359.177083 5416.048220 7792.910871 14911.71849 26759.70477 41649.55871 169048.8069
